74,113
74,112
74,111
74,110
74,109
74,108
74,107
74,106
74,105
74,104
74,103
74,102
74,101
74,100
74,99
74,98
74,97
74,96
74,95
74,94
74,93
74,92
74,91
74,90
74,89
74,88
74,87
74,86
74,85
74,84
74,83
74,82
74,81
74,80
74,79
74,78
74,77
74,76
74,75
74,74
74,73
74,72
74,71
74,70
74,69
74,68
74,67
74,66
74,65
74,64
74,41
74,40
74,39
74,38
74,37
74,36
74,35
74,34
74,33
74,32
74,31
74,30
74,29
74,28
74,27
74,26
74,25
74,24
74,23
74,22
74,21
74,20
74,19
74,18
74,17
74,16
74,15
74,14
74,13
74,12
74,11
74,10
74,9
74,8
74,7
74,6
74,5
74,4
74,3
74,1
20,3
20,2
20,1
19,3
19,2
19,1
12,3
12,2
12,1
11,28
11,25
11,24
11,22
11,20
11,19
11,17
11,16
11,15
11,14
11,13
11,11
11,10
11,9
11,8
11,7
11,5
11,4
11,3
11,2
11,1
10,298
10,296
10,282
10,274
10,273
10,271
10,260
10,252
10,244
10,242
10,226
10,212
10,211
10,209
10,205
10,182
10,164
10,161
10,156
10,152
10,140
10,136
10,125
10,121
10,119
10,116
10,112
18,1
10,101
18,3
10,99
10,80
10,78
10,70
10,64
10,35
10,28
10,26
10,17
14,1
10,12
14,3
10,9
13,1
10,8
13,3
10,4
10,3
10,2
10,1
9,7
9,6
9,4
9,3
9,2
9,1
8,16
8,12
8,11
8,9
8,6
8,4
8,3
8,2
8,1
3,1
3,3
3,2
2,2
2,3
2,1
0,0
182,34
182,33
182,32
182,31
182,30
182,29
182,28
182,27
182,26
182,25
182,24
182,23
182,22
182,21
182,20
182,19
182,18
182,17
182,16
182,15
182,14
182,13
182,12
182,11
182,10
182,9
182,8
182,7
182,6
182,5
182,4
182,3
182,2
182,0
0,276
0,275
0,272
0,271
0,12
0,10
0,8
0,785
0,268
0,784
0,267
0,821
0,266
0,454
0,265
0,781
0,264
0,780
0,263
0,820
0,782
0,262
0,779
0,261
0,778
0,260
0,777
0,259
0,776
0,775
0,258
0,774
0,773
0,257
0,772
0,771
0,256
0,819
0,255
0,818
0,770
0,254
0,816
0,769
0,253
0,815
0,768
0,252
0,460
0,453
0,251
0,814
0,447
0,250
0,813
0,446
0,249
0,812
0,290
0,248
0,459
0,445
0,247
0,444
0,246
0,443
0,245
0,442
0,441
0,244
0,440
0,439
0,242
0,438
0,437
0,241
0,811
0,240
74,114
74,115
74,117
74,119
74,122
74,124
74,127
74,130
74,132
74,135
74,136
74,139
74,143
74,144
74,147
74,149
74,152
74,154
74,157
74,160
74,162
74,165
74,166
74,170
74,173
74,174
74,177
74,179
74,182
74,184
